+551122361614
+551125244514
+551127238233
+551130031920
+551141581395
+551141731050
+551141866301
+5511942499985
+5511947241366
+5511963406448
+5511987355939
+551238326231
+5513974062088
+551491291479
+551633959100
+551637259209
+551734663900
+551932767039
+552127014189
+5521993964949
+5522997249675
+5522999154780
+5524935000441
+552796127570
+552796262332
+553138518248
+5532998066919
+553336214931
+553336251194
+553433127002
+553832210406
+553891181766
+5538999062061
+554132272727
+554275520600
+5544997118406
+5544998292161
+5544998296599
+5544999107062
+554733471904
+554734228466
+5547991167840
+554836223425
+5548991726126
+5548999305315
+554933237190
+554933443512
+555467637746
+5554981131969
+5554999471900
+5554999902003
+555540033384
+556140048002
+556282372102
+5562986062963
+5563992266312
+556536677777
+556798892729
+5569984648777
+557121026611
+557121031350
+557121036544
+557121075810
+557121084640
+557121363162
+557121372807
+557122239861
+557126265246
+557130030605
+557130111038
+557130113688
+557130114181
+557130116627
+557130118535
+557130123335
+557130129233
+557130134447
+557130148600
+557130149250
+557130190530
+557130190728
+557130191756
+557130192677
+557130198270
+557130210721
+557130224776
+557130244012
+557130244253
+557130257277
+557130291060
+557130330361
+557130332602
+557130358339
+557130362137
+557130392008
+557130402856
+557130413888
+557130425420
+557130430026
+557130433762
+557130473002
+557130526472
+557131131591
+557131132245
+557131136900
+557131316900
+557131435630
+557131518050
+557131727336
+557131727337
+557131796985
+557132033518
+557132077558
+557132112639
+557132117177
+557132132024
+557132133253
+557132155966
+557132170269
+557132181465
+557132184720
+557132194252
+557132216000
+557132260263
+557132301179
+557132303915
+557132305800
+557132310096
+557132317126
+557132318071
+557132319173
+557132319351
+557132320870
+557132327911
+557132333164
+557132338861
+557132345661
+557132356205
+557132360823
+557132373270
+557132389480
+557132395199
+557132401533
+557132401704
+557132404424
+557132406443
+557132407560
+557132410356
+557132412434
+557132412733
+557132413413
+557132417920
+557132418331
+557132422046
+557132424476
+557132426497
+557132426861
+557132427744
+557132430351
+557132430637
+557132431172
+557132436041
+557132439097
+557132445020
+557132446166
+557132448176
+557132450600
+557132453194
+557132453338
+557132457723
+557132459953
+557132477975
+557132483011
+557132484149
+557132486303
+557132491625
+557132491821
+557132512955
+557132518050
+557132518054
+557132527632
+557132550339
+557132564917
+557132573097
+557132574818
+557132599906
+557132615507
+557132641770
+557132644178
+557132649998
+557132665416
+557132667036
+557132670588
+557132672525
+557132703872
+557132703873
+557132711336
+557132714272
+557132715327
+557132726416
+557132728900
+557132762076
+557132853190
+557132855620
+557132860627
+557132861182
+557132869898
+557132871181
+557132880300
+557132882507
+557132911797
+557132934995
+557132984376
+557133012343
+557133016336
+557133017290
+557133019017
+557133035111
+557133035398
+557133056316
+557133066591
+557133084149
+557133095865
+557133097918
+557133105244
+557133120453
+557133120544
+557133120723
+557133123096
+557133127247
+557133128087
+557133128224
+557133128790
+557133133764
+557133136152
+557133137907
+557133138616
+557133138661
+557133141364
+557133147564
+557133155855
+557133159899
+557133161319
+557133167863
+557133169762
+557133210870
+557133212979
+557133213644
+557133213712
+557133214554
+557133215151
+557133215409
+557133215634
+557133218690
+557133220683
+557133221751
+557133222134
+557133223077
+557133224345
+557133227263
+557133227915
+557133262291
+557133265982
+557133266828
+557133269130
+557133271706
+557133275795
+557133283011
+557133283178
+557133284444
+557133284832
+557133290760
+557133293079
+557133296970
+557133312607
+557133318666
+557133321111
+557133335059
+557133340141
+557133347504
+557133350760
+557133354593
+557133391500
+557133413035
+557133415362
+557133416149
+557133424958
+557133427578
+557133442532
+557133454234
+557133455000
+557133480448
+557133510001
+557133510077
+557133515915
+557133519497
+557133519693
+557133532500
+557133533090
+557133533912
+557133535069
+557133536788
+557133546577
+557133546634
+557133550636
+557133550884
+557133568823
+557133575103
+557133586953
+557133587886
+557133588749
+557133591783
+557133598472
+557133600371
+557133601709
+557133601778
+557133620108
+557133630138
+557133630432
+557133637117
+557133691471
+557133697757
+557133711188
+557133714396
+557133715396
+557133720215
+557133733131
+557133740590
+557133742244
+557133744306
+557133757330
+557133762531
+557133770385
+557133770669
+557133770936
+557133772741
+557133773026
+557133782287
+557133783722
+557133784357
+557133785269
+557133785316
+557133789658
+557133793881
+557133794030
+557133796077
+557133819538
+557133819562
+557133821520
+557133829127
+557133845739
+557133846619
+557133847072
+557133867626
+557133883308
+557133883763
+557133885799
+557133915797
+557133921122
+557133922920
+557133930519
+557133934075
+557133936091
+557133938848
+557133951947
+557133962018
+557133964841
+557133966333
+557133966536
+557133969043
+557133971396
+557133973333
+557133976590
+557133979765
+557133986951
+557134012270
+557134052521
+557134080977
+557134149425
+557134192884
+557134311000
+557134312111
+557134312112
+557134315686
+557134316221
+557134321069
+557134500023
+557134500128
+557134500412
+557134511623
+557134512201
+557134513297
+557134513936
+557134520511
+557134520935
+557134521043
+557134538305
+557134605111
+557134608700
+557134613303
+557134719288
+557134827315
+557134832011
+557134832022
+557134874024
+557134915788
+557134947591
+557134980986
+557135050000
+557135050012
+557135053612
+557135062682
+557135067207
+557135082658
+557135083882
+557135552574
+557135990303
+557135995044
+557135997801
+557136012089
+557136013671
+557136014327
+557136014452
+557136021010
+557136029356
+557136043047
+557136050687
+557136051380
+557136142800
+557136162272
+557136163854
+557136210289
+557136210505
+557136210572
+557136211255
+557136211632
+557136213043
+557136214484
+557136215005
+557136215097
+557136215515
+557136215624
+557136218324
+557136219174
+557136221135
+557136225698
+557136229640
+557136229659
+557136232716
+557136233205
+557136233307
+557136251428
+557136251663
+557136255789
+557136256508
+557136256869
+557136261181
+557136271661
+557136272331
+557136274054
+557136274420
+557136275184
+557136275196
+557136279597
+557136311431
+557136311693
+557136331028
+557136331095
+557136332278
+557136333817
+557136371145
+557136412263
+557136412670
+557136412677
+557136451295
+557136452676
+557136453218
+557136453319
+557136453335
+557136455671
+557136481948
+557136552641
+557136552642
+557136558000
+557136587425
+557136691076
+557136691348
+557136711175
+557136713273
+557136771122
+557136811138
+557136961630
+557140098800
+557140423002
+557141019446
+557141026994
+557181051637
+557181176197
+557181322975
+557181329946
+557181359892
+557181361740
+557181389603
+557181413770
+557181802539
+557181922224
+557181952092
+557182142139
+557182405460
+557182801856
+557182835040
+557182858686
+557183237300
+557183255699
+557183866829
+557184389897
+557184423003
+557184469229
+557184721087
+557185046066
+557185157259
+557185556556
+557186098586
+557186237718
+557186243090
+557186542058
+557187008004
+557187097795
+557187101793
+557187133956
+557187144277
+557187270437
+557187273937
+557187317812
+557187393370
+557187427072
+557187488709
+557187593919
+557187670479
+557187927048
+557187941786
+557187999697
+557188001613
+557188023837
+557188072587
+557188133887
+557188213312
+557188222449
+557188223090
+557188268851
+557188300103
+557188331949
+557188443049
+557188476505
+557188526525
+557188571131
+557188636864
+557188650954
+557188675677
+557188726467
+557188842194
+557188851699
+557188857579
+557188861331
+557188867471
+557188939515
+557188973477
+557191045168
+557191057207
+557191180736
+557191227002
+557191260962
+557191296348
+557191375954
+557191397513
+557191526694
+557191751111
+557191848277
+557191921207
+557192056595
+557192066416
+557192143040
+557192363569
+557192470065
+557192522268
+557192550460
+557192748239
+557192789572
+557192891115
+557192895517
+557192941344
+557192955506
+557193029229
+557193048413
+557193603273
+557193703970
+557193750205
+557194040694
+557194089594
+557196025954
+557196068520
+557196090078
+557196192721
+557196212091
+557196259027
+557196492613
+557196577949
+557196665700
+557196687229
+557196702079
+557196723748
+557196818023
+557197122420
+557197142216
+557197169258
+557197254327
+557197333819
+557197415466
+557197437885
+5571981283935
+5571981330846
+5571982364730
+5571982604173
+5571982643293
+5571982858686
+5571983410618
+5571984076849
+5571984192411
+5571984282130
+5571984613912
+5571984690338
+5571985088961
+5571985091108
+5571986082150
+5571986444000
+5571986512987
+5571987425791
+5571987431524
+5571987897217
+5571987912362
+5571987913420
+5571987948769
+5571988149539
+5571988302445
+5571988303468
+5571988514148
+5571988842194
+557199004847
+557199028732
+557199030508
+557199039973
+557199090485
+557199113020
+557199121332
+5571991314432
+557199131581
+5571991515222
+5571991651416
+5571991730250
+557199181758
+5571991848277
+5571991954950
+5571991988187
+5571992049284
+5571992240377
+557199238562
+557199251712
+557199252160
+557199254777
+557199290133
+5571993029229
+5571993161644
+5571993179792
+557199323315
+557199339542
+5571993472946
+557199432603
+557199444906
+557199472970
+557199519831
+557199526234
+557199562775
+557199573398
+557199576070
+557199594662
+5571996004094
+5571996025954
+5571996035994
+5571996072825
+557199612503
+557199613814
+5571996182092
+5571996192721
+557199648236
+5571996665700
+557199669269
+5571997147750
+557199729774
+557199745113
+557199782739
+557199819221
+557199823938
+557199837574
+557199873197
+557199880048
+557199880956
+557199886452
+5571999013031
+5571999028732
+5571999038191
+557199916088
+5571999252765
+557199943055
+5571999478188
+5571999482642
+5571999494982
+5571999545505
+5571999562394
+5571999693020
+5571999737729
+557199983336
+557199984203
+5571999866948
+5571999867975
+557199994034
+5571999953175
+557321012769
+557321012772
+557321012778
+557321053000
+557321055555
+557321055571
+557330112064
+557330135662
+557330138183
+557330210217
+557330211128
+557330462300
+557330463343
+557330463550
+557330510100
+557332022189
+557332042042
+557332042115
+557332042171
+557332091078
+557332091616
+557332111683
+557332119765
+557332119968
+557332121089
+557332124437
+557332124708
+557332124812
+557332125182
+557332125751
+557332128654
+557332129401
+557332130438
+557332222281
+557332301610
+557332301933
+557332302254
+557332302262
+557332302865
+557332311458
+557332311615
+557332311745
+557332315371
+557332315651
+557332316971
+557332343300
+557332361599
+557332371228
+557332372232
+557332381538
+557332402124
+557332421987
+557332422391
+557332451180
+557332451839
+557332452772
+557332453207
+557332512099
+557332512215
+557332512563
+557332513300
+557332541277
+557332541666
+557332551357
+557332551605
+557332552495
+557332561284
+557332562220
+557332562599
+557332582229
+557332584029
+557332611459
+557332614011
+557332619007
+557332619469
+557332619547
+557332620441
+557332623750
+557332631693
+557332655024
+557332672087
+557332681233
+557332683529
+557332684292
+557332685001
+557332702007
+557332702285
+557332702384
+557332712187
+557332722361
+557332732107
+557332744473
+557332782287
+557332782510
+557332782556
+557332811738
+557332811853
+557332812274
+557332813681
+557332814062
+557332814556
+557332814987
+557332815814
+557332815948
+557332816565
+557332816583
+557332816899
+557332819031
+557332819932
+557332821143
+557332821225
+557332828000
+557332841441
+557332842118
+557332842334
+557332844002
+557332881277
+557332881567
+557332881580
+557332882129
+557332882162
+557332882310
+557332882448
+557332884618
+557332889107
+557332911361
+557332911434
+557332912478
+557332912572
+557332913009
+557332914130
+557332914626
+557332918083
+557332918889
+557332925366
+557332925899
+557332925931
+557332925940
+557332927507
+557332931213
+557332932492
+557332932686
+557332932700
+557332941194
+557332943458
+557332943991
+557332944093
+557332961600
+557332961698
+557332961768
+557332961855
+557332981590
+557335250305
+557335250605
+557335251752
+557335252411
+557335252573
+557335253543
+557335253598
+557335253687
+557335253944
+557335254275
+557335255355
+557335256202
+557335256393
+557335257055
+557335257393
+557335257789
+557335257923
+557335258423
+557335258466
+557335258548
+557335258600
+557335259696
+557335259829
+557335259928
+557335261700
+557335262288
+557335264067
+557335264792
+557335267281
+557335270674
+557335275006
+557335278888
+557335310000
+557335311893
+557335312250
+557335312725
+557335313540
+557335314160
+557335315280
+557335315352
+557335332030
+557335332443
+557335333559
+557335336011
+557335341128
+557335341637
+557335342424
+557335342530
+557335342722
+557335342801
+557335352293
+557335352501
+557335355086
+557335372037
+557335372155
+557335372575
+557335373582
+557335381543
+557335401032
+557335401258
+557335401423
+557335401480
+557335731112
+557335751424
+557336040000
+557336045016
+557336052710
+557336052967
+557336121629
+557336128442
+557336129500
+557336130438
+557336131441
+557336131584
+557336138761
+557336139672
+557336161615
+557336172557
+557336179700
+557336241221
+557336261258
+557336328320
+557336334416
+557336340250
+557336341186
+557336341364
+557336341561
+557336342706
+557336342924
+557336343952
+557336346366
+557336347222
+557336348350
+557336393887
+557336451144
+557336682213
+557336721296
+557336761018
+557336771378
+557336791044
+557336841233
+557336841375
+557336941208
+557336971059
+557381016363
+557381112059
+557381112919
+557381113923
+557381169814
+557381184343
+557381205139
+557381280224
+557381335233
+557381348106
+557381357046
+557381372865
+557381375651
+557381395632
+557381480890
+557381546905
+557381574927
+557381609875
+557381667464
+557381730506
+557381754426
+557381867305
+557381891325
+557382223705
+557382275303
+557382286340
+557382394071
+557382416815
+557382478547
+557382575230
+557388039015
+557388039500
+557388063062
+557388074372
+557388075724
+557388077951
+557388092079
+557388113530
+557388113672
+557388132006
+557388173755
+557388189886
+557388210037
+557388212881
+557388247284
+557388271955
+557388366171
+557388383564
+557388441627
+557388444020
+557388486338
+557388487084
+557388516111
+557388552325
+557388650476
+557388681474
+557388690567
+557388728806
+557388730139
+557388819140
+557388899516
+557388900048
+557388924516
+557388987039
+557391093453
+557391110314
+557391118834
+557391229958
+557391730412
+557391734567
+557391911716
+557391955915
+557391993849
+557391999922
+557398050247
+557398057900
+557398114131
+557398194063
+557398234320
+5573982493568
+557398300781
+5573988023016
+5573988122300
+5573988250062
+5573988343113
+5573988432379
+5573988852744
+557399135727
+557399137715
+557399161002
+5573991660290
+5573991827358
+557399197613
+557399219565
+557399231082
+557399239202
+557399281318
+557399315480
+557399318733
+557399389964
+557399396165
+557399433232
+557399498376
+557399519636
+557399557550
+557399565463
+557399583108
+557399660558
+557399670581
+557399694591
+557399729957
+557399740958
+557399754344
+557399794855
+557399796254
+5573998006727
+5573998056743
+557399812604
+5573998194063
+5573998209008
+557399839038
+5573998515707
+557399854775
+557399857718
+5573998601552
+557399860248
+557399882108
+557399900030
+557399910164
+5573999544232
+557399961692
+5573999794214
+557399979787
+557399990565
+5573999924003
+5573999929002
+557399993077
+557399995947
+557399999239
+557430311529
+557435291035
+557435291458
+557435311749
+557435321427
+557435332325
+557435332499
+557435332697
+557435332730
+557435342003
+557435350198
+557435350227
+557435350228
+557435350622
+557435351169
+557435351231
+557435351282
+557435351576
+557435352238
+557435381432
+557435381921
+557435411006
+557435411763
+557435412326
+557435413376
+557435413507
+557435414226
+557435414313
+557435415737
+557435416493
+557435417544
+557435418000
+557435419210
+557435421010
+557435461181
+557435461345
+557435512055
+557435512228
+557435512334
+557435512372
+557435512392
+557435521096
+557436110000
+557436110464
+557436112067
+557436112263
+557436113706
+557436113767
+557436114463
+557436115253
+557436115347
+557436116072
+557436116241
+557436116894
+557436117025
+557436117390
+557436117407
+557436117868
+557436118696
+557436119025
+557436121889
+557436124707
+557436125096
+557436125521
+557436126320
+557436127827
+557436129025
+557436130748
+557436132416
+557436137443
+557436138428
+557436183039
+557436192144
+557436202188
+557436210000
+557436211492
+557436213054
+557436214237
+557436214770
+557436214890
+557436217671
+557436272206
+557436272335
+557436272433
+557436291252
+557436296091
+557436322358
+557436342158
+557436362142
+557436372080
+557436372130
+557436410430
+557436411290
+557436411902
+557436412308
+557436413122
+557436413535
+557436413607
+557436414239
+557436414644
+557436415079
+557436416430
+557436416786
+557436417602
+557436417842
+557436419040
+557436419107
+557436451188
+557436451657
+557436452132
+557436452986
+557436461127
+557436491038
+557436491454
+557436491677
+557436510120
+557436511288
+557436511692
+557436531160
+557436531314
+557436531468
+557436532296
+557436532426
+557436571008
+557436592477
+557436611122
+557436611470
+557436611523
+557436611596
+557436611724
+557436611862
+557436613079
+557436621130
+557436622007
+557436622827
+557436681876
+557436731552
+557436868113
+557436915070
+557481016371
+557481041630
+557481058165
+557481086279
+557481095671
+557481151753
+557481227670
+557481240072
+557481265671
+557481473497
+557488020199
+557488030712
+557488032474
+557488039500
+557488080639
+557488086530
+557488087337
+557488175190
+557488189953
+557488210293
+557488212985
+557488220733
+557488254390
+557488270245
+557488351789
+557488463172
+557491003004
+557491035385
+557491054456
+557491127627
+557491186218
+557491287364
+557491362135
+557491422279
+557491476451
+557491912258
+557491929741
+5574981237281
+5574981404359
+5574981439932
+5574988030712
+5574988044941
+5574988512575
+557499091209
+557499109483
+5574991219585
+557499127606
+557499145754
+5574991486960
+557499162866
+557499194409
+5574991971855
+557499224177
+557499362109
+557499370449
+557499388550
+557499493268
+557499518800
+557499555455
+557499565011
+557499611257
+557499625414
+557499626262
+557499634312
+557499636453
+557499642716
+557499649546
+557499653560
+557499661122
+557499781674
+5574998010338
+557499807512
+5574998111711
+557499842050
+557499853273
+557499896796
+557499912850
+557499955572
+5574999597070
+557499972450
+557521012999
+557521013333
+557530215210
+557530222093
+557530239220
+557530259101
+557530300633
+557531825800
+557531827010
+557532021282
+557532021341
+557532032338
+557532032577
+557532115630
+557532151231
+557532172193
+557532210408
+557532210480
+557532211320
+557532211650
+557532211824
+557532212053
+557532212769
+557532213959
+557532214483
+557532216106
+557532217260
+557532217366
+557532217557
+557532219131
+557532219644
+557532232948
+557532233691
+557532233770
+557532233987
+557532234455
+557532235229
+557532235822
+557532238732
+557532245454
+557532245645
+557532254766
+557532255446
+557532341006
+557532382321
+557532411068
+557532411208
+557532411261
+557532411766
+557532412064
+557532412655
+557532412839
+557532417124
+557532422176
+557532431563
+557532431941
+557532432005
+557532432770
+557532433850
+557532451898
+557532452388
+557532472086
+557532473248
+557532482150
+557532511103
+557532511306
+557532511752
+557532512309
+557532513188
+557532513463
+557532513809
+557532513855
+557532514028
+557532516302
+557532521168
+557532521298
+557532521570
+557532521856
+557532523356
+557532611046
+557532611523
+557532612425
+557532612859
+557532613329
+557532613810
+557532616638
+557532617891
+557532617894
+557532621004
+557532621215
+557532629028
+557532632099
+557532632363
+557532632584
+557532632696
+557532641366
+557532642174
+557532643087
+557532652269
+557532652388
+557532652577
+557532662607
+557532672136
+557532682376
+557532711506
+557532713339
+557532716185
+557532721628
+557532721925
+557532722359
+557532741358
+557532751217
+557532751830
+557532761155
+557532761548
+557532761730
+557532761932
+557532761937
+557532761970
+557532762045
+557532762072
+557532762249
+557532762541
+557532762690
+557532763492
+557532764715
+557532782026
+557532782163
+557532782276
+557532782442
+557532792009
+557532792022
+557532792029
+557532792247
+557532811504
+557532811668
+557532811822
+557532812086
+557532812544
+557532813833
+557532814278
+557532814852
+557532815939
+557532816068
+557532816165
+557532816185
+557532819901
+557532825057
+557532862376
+557532921131
+557532942052
+557533202216
+557533217777
+557533224455
+557533252117
+557533252844
+557533302000
+557533311077
+557533311092
+557533311264
+557533311317
+557533311451
+557533311530
+557533312219
+557533312299
+557533312897
+557533313621
+557533322114
+557533371531
+557533392098
+557533402233
+557533402336
+557533432126
+557533432173
+557533615043
+557533642108
+557533642218
+557533642528
+557533660900
+557533733131
+557533872132
+557533872219
+557534211577
+557534211881
+557534212499
+557534218045
+557534219400
+557534225308
+557534226647
+557534226678
+557534228868
+557534241524
+557534241813
+557534252251
+557534252781
+557534261828
+557534262145
+557534271279
+557534271435
+557534272609
+557534312829
+557534351182
+557534351336
+557534472162
+557534522130
+557534746073
+557534815069
+557534818276
+557534836528
+557534852170
+557534853386
+557534857796
+557534859742
+557534870602
+557534891226
+557534894640
+557534962167
+557535221015
+557535221017
+557535221240
+557535221510
+557535442476
+557535932299
+557536038864
+557536082335
+557536117025
+557536141844
+557536141998
+557536142682
+557536143204
+557536145312
+557536146608
+557536146660
+557536164660
+557536170600
+557536212674
+557536220553
+557536220569
+557536226316
+557536226633
+557536230322
+557536230710
+557536232693
+557536233554
+557536233815
+557536234488
+557536236732
+557536241142
+557536248906
+557536249150
+557536249770
+557536251830
+557536251991
+557536253436
+557536253781
+557536258344
+557536258767
+557536259733
+557536262590
+557536292214
+557536292594
+557536311006
+557536311615
+557536311763
+557536311990
+557536312004
+557536312381
+557536312383
+557536312511
+557536312577
+557536312776
+557536312890
+557536313355
+557536313620
+557536313825
+557536314651
+557536314656
+557536314713
+557536314881
+557536315032
+557536315155
+557536316043
+557536316352
+557536316365
+557536316986
+557536316996
+557536317045
+557536317271
+557536317414
+557536317444
+557536320021
+557536321231
+557536321414
+557536341421
+557536341711
+557536341846
+557536342616
+557536342663
+557536361072
+557536361547
+557536361561
+557536362266
+557536364305
+557536382529
+557536414043
+557536414056
+557536414148
+557536414523
+557536414632
+557536414888
+557536415717
+557536417571
+557536461170
+557536475019
+557536482180
+557536502169
+557536512245
+557536521037
+557536521038
+557536521044
+557536521046
+557536521075
+557536521110
+557536521263
+557536622006
+557536622235
+557536622240
+557536774035
+557536811075
+557536811079
+557536921149
+557541419230
+557581014036
+557581035582
+557581062812
+557581068222
+557581091310
+557581095208
+557581101855
+557581127963
+557581144031
+557581146690
+557581161187
+557581161759
+557581192268
+557581196845
+557581254303
+557581256331
+557581286272
+557581362727
+557581387094
+557581395769
+557581449891
+557581479770
+557581565680
+557581573340
+557581593584
+557581729739
+557581804136
+557581885960
+557582205089
+557582454604
+557582793952
+557582831006
+557583104103
+557583239327
+557583301295
+557583450093
+557583472831
+557583531686
+557587020059
+557588036204
+557588058327
+557588060037
+557588139221
+557588152031
+557588159167
+557588190494
+557588262066
+557588444136
+557588459379
+557588466132
+557588481116
+557588489907
+557588552476
+557588584562
+557588630620
+557588719804
+557589389590
+557591016767
+557591117355
+557591129694
+557591151614
+557591163372
+557591182286
+557591210634
+557591228668
+557591229969
+557591259827
+557591267332
+557591282451
+557591296018
+557591314365
+557591317896
+557591355594
+557591375343
+557591458021
+557591479035
+557591589914
+557591597577
+557591624465
+557591635813
+557591653387
+557591669073
+557591689039
+557591719600
+557591729030
+557591741129
+557591784506
+557591839937
+557591849898
+557591917447
+557591918191
+557591942983
+557592091951
+557592104710
+557592159080
+557592188899
+557592231292
+557592316977
+557592318086
+557592347531
+557592390679
+557592490837
+557592494063
+557592588218
+557592630706
+557592633704
+557592751075
+557592796007
+557592828270
+557593002448
+557598057420
+5575981012007
+5575981095208
+5575981114402
+557598113350
+5575981442663
+557598162895
+5575981639692
+557598167433
+557598176088
+557598178750
+557598239248
+557598300227
+557598319823
+5575983248040
+557598328181
+5575983460523
+5575983531686
+5575983620033
+557598420440
+557598455875
+557598679018
+5575987028052
+557598753316
+557598771614
+5575988024378
+5575988025341
+5575988245488
+5575988867550
+557598917469
+557599024020
+557599036070
+557599083935
+557599100933
+5575991314365
+557599139605
+5575991400864
+5575991473015
+5575991518271
+557599187295
+5575991901360
+5575992091951
+557599211630
+5575992148428
+5575992159080
+557599224344
+5575992268000
+557599233348
+557599237180
+5575992412107
+557599243851
+5575992936067
+557599522269
+557599556240
+557599651001
+557599651129
+557599682489
+557599714757
+557599722235
+557599774203
+557599792870
+5575998011298
+5575998105673
+5575998162475
+5575998196060
+557599826128
+557599834904
+557599872233
+5575998790507
+557599883024
+5575998888636
+5575999268070
+5575999311110
+5575999383014
+557599958585
+557599966045
+5575999775901
+5575999799962
+557599989751
+557599991360
+557599992196
+5575999989751
+557721014810
+557721015858
+557721016400
+557721016425
+557721016429
+557730212993
+557730253423
+557730256068
+557730286536
+557730288659
+557730520320
+557730810027
+557730819051
+557732611206
+557732611644
+557732612160
+557732612573
+557732615468
+557732615681
+557732616230
+557732752094
+557734135325
+557734142303
+557734142402
+557734142584
+557734152188
+557734200000
+557734210588
+557734211450
+557734211616
+557734211643
+557734212803
+557734215012
+557734215393
+557734221014
+557734221410
+557734222889
+557734223453
+557734224650
+557734226799
+557734227852
+557734229025
+557734230865
+557734231044
+557734233682
+557734234444
+557734234575
+557734235364
+557734238400
+557734238647
+557734240003
+557734242285
+557734243746
+557734244011
+557734245641
+557734245706
+557734245934
+557734246352
+557734246445
+557734246645
+557734247193
+557734247636
+557734249176
+557734253666
+557734256608
+557734260599
+557734261314
+557734263084
+557734273371
+557734274921
+557734311898
+557734321637
+557734322457
+557734332392
+557734342183
+557734342322
+557734352255
+557734352380
+557734352524
+557734361915
+557734372642
+557734381768
+557734402441
+557734411822
+557734412025
+557734413328
+557734413468
+557734414600
+557734414746
+557734415052
+557734415667
+557734417490
+557734441100
+557734442023
+557734442320
+557734442452
+557734452787
+557734482212
+557734492119
+557734501280
+557734501375
+557734501874
+557734501941
+557734511005
+557734511224
+557734512783
+557734512913
+557734513262
+557734513458
+557734513549
+557734514017
+557734514298
+557734514812
+557734515094
+557734515736
+557734515852
+557734519382
+557734520446
+557734541019
+557734541177
+557734541455
+557734541478
+557734543000
+557734543411
+557734543911
+557734551312
+557734551412
+557734562028
+557734562052
+557734562067
+557734562128
+557734562138
+557734562191
+557734562502
+557734572093
+557734572136
+557734572759
+557734591067
+557734591166
+557734591312
+557734591422
+557734591515
+557734591811
+557734652136
+557734705005
+557734712172
+557734712577
+557734722142
+557734722151
+557734722156
+557734731074
+557734731340
+557734731369
+557734731419
+557734731570
+557734741070
+557734741174
+557734752503
+557734752581
+557734757013
+557734781083
+557734812121
+557734813090
+557734814230
+557734814397
+557734831198
+557734831677
+557734831842
+557734834387
+557734852004
+557734852192
+557734882174
+557734882277
+557734882744
+557734885555
+557734891094
+557734922387
+557734930000
+557734931008
+557734931028
+557734933024
+557734933115
+557734942112
+557734942154
+557736110526
+557736111138
+557736111184
+557736111977
+557736113022
+557736114091
+557736116105
+557736116878
+557736117199
+557736117277
+557736117735
+557736117838
+557736118640
+557736120000
+557736122156
+557736122659
+557736124081
+557736124616
+557736125070
+557736125267
+557736126549
+557736126700
+557736127021
+557736127690
+557736130054
+557736162329
+557736162723
+557736172197
+557736172333
+557736181160
+557736212181
+557736212456
+557736232194
+557736232313
+557736232322
+557736251368
+557736261123
+557736261186
+557736261216
+557736280497
+557736280790
+557736281249
+557736281449
+557736281570
+557736281608
+557736282033
+557736284479
+557736284821
+557736285748
+557736286335
+557736390287
+557736422424
+557736431143
+557736461090
+557736461100
+557736487037
+557736612322
+557736632231
+557736682031
+557736682315
+557736782225
+557736872036
+557736872067
+557736891028
+557736912151
+557736951075
+557736951213
+557736951296
+557736981281
+557736982419
+557740095050
+557740095810
+557740098600
+557741412363
+557777997317
+557781004706
+557781034304
+557781060147
+557781093942
+557781114225
+557781131456
+557781208079
+557781230637
+557781260376
+557781316176
+557781354847
+557781399608
+557781605075
+557781608097
+557781611818
+557781648414
+557788021200
+557788043272
+557788082884
+557788090984
+557788125590
+557788143018
+557788178494
+557788179232
+557788182176
+557788211525
+557788241240
+557788266030
+557788310290
+557788311595
+557788338144
+557788349300
+557788428331
+557788444497
+557788552150
+557788602165
+557788653860
+557788822634
+557791040415
+557791061044
+557791099112
+557791109425
+557791190064
+557791233025
+557791236697
+557791252564
+557791284466
+557791292301
+557791299758
+557791347200
+557791356584
+557791388775
+557791737989
+557791741213
+557791822776
+557791935411
+557791940045
+557791942622
+557791945584
+557791980897
+557791985901
+557792112008
+557798033679
+557798039473
+557798121087
+5577981335133
+557798140174
+5577981464001
+5577981611818
+557798182618
+557798225664
+557798235786
+557798292121
+557798306065
+557798454658
+557798523241
+557798549000
+557798591930
+557798728681
+557798771787
+5577988653749
+5577988776352
+5577988780760
+5577988887882
+557799002246
+557799015253
+557799061705
+557799064925
+557799074542
+557799099430
+5577991204134
+557799164477
+557799166877
+557799183732
+5577991980897
+557799201850
+557799260785
+557799301280
+557799328509
+557799336981
+557799348439
+557799433341
+557799460468
+557799470703
+557799490467
+557799494502
+557799495533
+557799518226
+557799530305
+557799547680
+557799550165
+557799555513
+557799600907
+557799601608
+557799613204
+557799614702
+557799621136
+557799633530
+557799654871
+557799666424
+557799675343
+557799681066
+557799693767
+557799712788
+557799713997
+557799728491
+557799740500
+557799770315
+557799784228
+557799793611
+557799796517
+5577998106647
+5577998250880
+557799850295
+5577998591930
+5577998599920
+557799865672
+557799877573
+557799893414
+5577999058330
+557799910845
+5577999148010
+5577999167967
+5577999183594
+5577999226980
+557799923838
+557799929964
+5577999328509
+5577999433341
+557799944787
+557799949382
+557799951181
+5577999513192
+5577999525200
+5577999606013
+5577999613761
+5577999622444
+5577999654131
+5577999668898
+557799968497
+557799968590
+5577999715801
+557799972799
+5577999739476
+557799975856
+557799992530
+5577999929964
+5577999949382
+557799998088
+5577999993031
+5577999996351
+557936111535
+5579999707635
+558132323232
+558188885555
+558191170333
+5581991471253
+5581999772332
+558234351248
+5582988885677
+5583999359396
+558431130755
+5584996113563
+558532732750
+5585982104726
+558788430781
+5587992098683
+5587999830407
+5589999214789
+559581097077
+5598992261030